10 10 29 1 
7 4 21 1 
7 7 27 1 
6 6 14 1 
25 21 52 1 
29 20 70 1 
29 13 84 1 
35 8 64 1 
26 1 47 1 
26 21 69 1 
7 22 31 1 
5 25 42 1 
11 18 41 1 
35 23 60 1 
3 14 28 1 
22 23 60 1 
29 6 68 1 
35 24 88 1 
6 1 12 1 
19 25 85 1 
4 16 38 1 
34 8 63 1 
28 20 62 1 
7 12 30 1 
35 3 68 1 
31 22 57 1 
30 10 69 1 
28 20 59 1 
12 7 21 1 
23 6 33 1 
28 8 65 1 
14 19 62 1 
27 10 58 1 
1 13 22 1 
15 11 42 1 
32 16 75 1 
34 3 55 1 
32 15 81 1 
32 25 79 1 
15 8 43 1 
17 3 26 1 
32 15 71 1 
1 9 16 1 
18 16 45 1 
19 18 60 1 
33 8 52 1 
15 14 50 1 
29 23 102 1 
26 5 43 1 
14 13 52 1 
5 14 22 1 
15 7 34 1 
2 25 51 1 
32 13 83 1 
35 21 63 1 
21 17 48 1 
29 8 53 1 
3 16 34 1 
20 5 32 1 
11 12 28 1 
8 3 13 1 
28 9 42 1 
33 18 90 1 
27 19 81 1 
32 1 56 1 
30 13 68 1 
12 14 45 1 
17 13 40 1 
19 7 45 1 
7 22 38 1 
9 18 37 1 
4 17 34 1 
17 23 68 1 
34 18 67 1 
33 10 81 1 
25 12 74 1 
31 2 47 1 
23 15 57 1 
3 12 17 1 
11 2 22 1 
28 14 57 1 
17 14 41 1 
18 7 44 1 
24 4 44 1 
22 3 29 1 
16 6 25 1 
1 25 45 1 
33 18 56 1 
14 9 39 1 
35 11 70 1 
22 17 58 1 
14 5 29 1 
21 3 27 1 
8 24 58 1 
8 3 22 1 
30 8 46 1 
20 11 39 1 
4 3 14 1 
18 9 50 1 
18 12 56 1 
