3 8 21 2 
9 7 27 2 
10 13 44 2 
4 9 18 2 
3 13 28 2 
23 12 45 2 
16 20 65 2 
16 9 49 2 
34 23 86 2 
10 25 43 2 
7 10 22 2 
20 16 62 2 
21 3 32 2 
22 2 45 2 
16 8 47 2 
17 6 24 2 
33 9 81 2 
10 18 36 2 
21 24 57 2 
9 10 26 2 
17 25 52 2 
11 18 42 2 
33 1 61 2 
25 5 54 2 
3 12 30 2 
17 15 36 2 
31 4 53 2 
25 5 47 2 
18 20 60 2 
13 6 32 2 
5 7 22 2 
32 15 73 2 
11 14 50 2 
28 6 65 2 
2 4 8 2 
11 3 28 2 
9 8 32 2 
5 22 50 2 
5 19 43 2 
25 6 49 2 
33 25 63 2 
3 6 13 2 
35 8 78 2 
27 4 52 2 
13 20 40 2 
14 17 46 2 
26 8 61 2 
27 17 64 2 
2 11 14 2 
10 21 43 2 
4 12 32 2 
26 19 66 2 
26 4 45 2 
12 7 25 2 
9 15 41 2 
9 2 12 2 
8 25 44 2 
2 12 15 2 
25 13 66 2 
29 16 75 2 
3 6 15 2 
26 4 34 2 
33 16 73 2 
20 12 49 2 
29 8 48 2 
6 11 29 2 
25 21 81 2 
8 24 58 2 
32 22 82 2 
28 13 50 2 
30 16 61 2 
6 2 10 2 
34 21 100 2 
11 24 45 2 
14 11 41 2 
4 4 16 2 
28 20 91 2 
11 17 33 2 
14 17 57 2 
31 22 58 2 
1 22 35 2 
7 9 30 2 
34 14 62 2 
26 22 75 2 
19 22 46 2 
14 21 55 2 
21 18 51 2 
1 21 38 2 
15 6 31 2 
27 11 56 2 
22 12 59 2 
6 20 33 2 
10 4 25 2 
34 4 52 2 
34 3 40 2 
29 18 69 2 
28 7 38 2 
30 15 87 2 
18 21 64 2 
14 3 28 2 
