6 11 22 2 
35 19 91 2 
19 7 35 2 
22 25 77 2 
26 13 40 2 
6 18 30 2 
11 22 38 2 
23 8 61 2 
25 1 32 2 
13 19 42 2 
10 11 25 2 
30 23 70 2 
25 19 61 2 
21 3 47 2 
30 10 69 2 
17 25 49 2 
3 22 40 2 
2 14 32 2 
20 16 72 2 
4 24 37 2 
14 10 44 2 
35 23 104 2 
29 25 83 2 
1 2 4 2 
20 11 32 2 
33 18 53 2 
4 15 33 2 
31 15 53 2 
16 13 33 2 
27 23 92 2 
20 24 77 2 
15 19 48 2 
17 22 72 2 
34 12 92 2 
29 15 79 2 
17 17 36 2 
17 2 23 2 
3 17 38 2 
26 12 69 2 
34 21 108 2 
30 2 50 2 
35 13 61 2 
8 18 37 2 
21 19 48 2 
14 5 29 2 
11 22 49 2 
27 4 46 2 
15 2 29 2 
5 1 7 2 
29 14 79 2 
24 22 92 2 
14 3 32 2 
17 7 40 2 
28 20 77 2 
2 10 16 2 
9 23 45 2 
15 20 69 2 
4 18 23 2 
22 21 74 2 
26 1 32 2 
8 9 21 2 
32 16 57 2 
5 25 45 2 
28 24 62 2 
31 8 51 2 
11 1 16 2 
35 12 55 2 
30 16 57 2 
29 2 59 2 
12 10 38 2 
2 5 13 2 
6 9 20 2 
9 25 36 2 
23 10 36 2 
3 2 8 2 
16 23 72 2 
11 16 34 2 
3 25 49 2 
9 11 40 2 
12 4 19 2 
32 1 55 2 
26 25 56 2 
34 19 69 2 
31 15 73 2 
10 23 50 2 
21 3 39 2 
11 3 23 2 
4 20 32 2 
34 25 66 2 
23 12 67 2 
13 25 56 2 
7 1 15 2 
16 17 45 2 
4 8 19 2 
35 21 93 2 
21 14 52 2 
9 23 38 2 
7 18 45 2 
20 22 82 2 
27 9 43 2 
