23 17 57 3 
8 10 30 3 
29 24 59 3 
25 9 66 3 
8 7 20 3 
3 21 28 3 
10 2 18 3 
1 15 22 3 
2 17 27 3 
17 7 29 3 
13 4 22 3 
27 7 38 3 
1 24 30 3 
35 25 108 3 
29 19 80 3 
7 6 14 3 
26 2 46 3 
4 25 50 3 
30 11 70 3 
10 18 45 3 
17 16 52 3 
35 15 80 3 
14 23 54 3 
22 5 37 3 
3 21 45 3 
8 4 22 3 
20 16 38 3 
6 18 28 3 
4 20 38 3 
10 2 14 3 
20 7 39 3 
17 24 69 3 
6 22 34 3 
21 3 42 3 
7 22 45 3 
15 8 31 3 
14 23 46 3 
28 20 89 3 
2 8 17 3 
29 10 68 3 
25 8 66 3 
35 9 62 3 
11 10 24 3 
33 10 60 3 
11 9 28 3 
18 10 47 3 
23 2 33 3 
20 22 72 3 
1 11 21 3 
17 25 59 3 
25 7 35 3 
25 8 60 3 
6 19 47 3 
9 1 18 3 
16 5 26 3 
10 23 37 3 
22 10 38 3 
23 5 47 3 
5 4 13 3 
6 4 19 3 
24 19 45 3 
8 22 47 3 
23 2 38 3 
32 13 49 3 
8 17 32 3 
12 9 39 3 
19 12 50 3 
2 1 6 3 
10 7 31 3 
17 17 53 3 
10 22 50 3 
18 13 34 3 
6 4 18 3 
7 12 29 3 
35 22 92 3 
34 24 63 3 
23 25 92 3 
26 15 44 3 
26 9 39 3 
13 9 34 3 
16 5 35 3 
9 14 38 3 
9 9 32 3 
6 20 47 3 
32 1 49 3 
33 22 78 3 
23 23 84 3 
8 19 38 3 
35 6 69 3 
17 2 38 3 
7 12 29 3 
28 11 59 3 
26 10 72 3 
11 19 52 3 
6 17 33 3 
29 7 54 3 
7 19 49 3 
7 3 14 3 
29 16 76 3 
9 2 14 3 
